	S25	S1	S110	S22	S9	S50	S24	S26	S27	S62	S11	S85	S61	S63	S54	S101	S19	S99	S30	S47	S87	S38	S91	S56	S51	S98	S109	S14	S16	S43	S112	S100	S96	S65	S106	S39	S67	S57	S32	S46	S77	S36	S10	S55	S37	S12	S40	S35	S48	S94	S34	S64	S93	S72	S111	S2	S88	S108	S95	S89	S83	S60	S97	S20	S6	S69	S42	S13	S68	S18	S49	S7	S80	S15	S76	S74	S107	S17	S102	S92	S81	S105	S29	S70	S59	S104	S23	S75	S41	S53	S52	S113	S58	S73	S90	S33	S8	S103	S31	S82	S3	S4	S66	S5	S79	S21	S84	S78	S71	S28	S44	S45	S86
S25	0.0	0.246562781198	0.525732617934	0.567480249817	0.554589781214	0.572543517119	0.406139198768	0.401985038164	0.388838312776	0.421870119121	0.354548289354	0.34217739504	0.314928387424	0.594459076181	0.451548629635	0.419861623991	0.303947936446	0.248152571368	0.457287566143	0.40022621678	0.289276605754	0.424255622055	0.261663877715	0.612368935396	0.517407602515	0.378572588605	0.234058736124	0.444426414923	0.702867730077	0.387914688462	0.449901805504	0.68244618174	0.661118791069	0.424594691435	0.458242654002	0.537691204095	0.599351360824	0.476060875932	0.707164701588	0.517275449704	0.422147265601	0.432825118289	0.51494540481	0.427639530337	0.401341592765	0.243289461382	0.187103400261	0.532597800156	0.31195065154	0.37948163681	0.347122033667	0.341611375961	0.251472152975	0.64378949556	0.387902866044	0.253660919017	0.693001305712	0.385372784091	0.121911875225	0.267717694807	0.231857025622	0.38358729562	0.33333918199	0.205809304111	0.39049848082	0.428841517798	0.53617696414	0.57904529856	0.603539495446	0.366205829366	0.290107416778	0.436717044349	0.483763449542	0.505706470294	0.491410141037	0.528215804696	0.576695803827	0.444266783398	0.270294422202	0.32502773018	0.324839275005	0.360187236594	0.559673386743	0.572295345769	0.336933800227	0.196729044586	0.613902347589	0.443918343949	0.470075395814	0.370426335172	0.49725771018	0.473420777742	0.253726852017	0.41356844404	0.405059087373	0.4101311757	0.537249992322	0.489082267428	0.268339698858	0.426999717925	0.313786534575	0.463380310973	0.529919980703	0.384120668314	0.168044579982	0.457413862602	0.403606924477	0.584774667381	0.389661295247	0.598706046559	0.647292042766	0.339981394154	0.317206488346
S1	0.246562781198	0.0	0.414721145455	0.478230658791	0.393830290909	0.504545695455	0.346306933423	0.362260055062	0.22780425	0.408237268182	0.485307985764	0.236189416692	0.412057399227	0.508843101575	0.361914919774	0.375635399085	0.311901136364	0.137144430022	0.358001590909	0.241153577273	0.197656668503	0.380918228856	0.115279781818	0.492852088494	0.416324281818	0.370031513636	0.184307654545	0.460379991356	0.692650204717	0.263837023396	0.276594104753	0.710839268182	0.650663434917	0.474524233466	0.304511673431	0.542739681818	0.600090983278	0.318555384431	0.696705451301	0.511740555463	0.472042204545	0.3349133079	0.359391403146	0.332124722727	0.477722228477	0.235587186364	0.177115936806	0.459572661255	0.223966710605	0.377070707714	0.276269225469	0.274804643981	0.29836024248	0.671653702074	0.206231757185	0.26239260761	0.682872602402	0.377306646331	0.232275854545	0.288821161365	0.174171644478	0.335221030257	0.384233407309	0.305718117119	0.229032331646	0.474861734731	0.578500598193	0.587205976274	0.471787304545	0.391169305511	0.270944571343	0.499259817378	0.50307398768	0.413352897458	0.342342127711	0.618059369656	0.420553521067	0.397667481	0.310428906874	0.231359922727	0.379344245814	0.244203598218	0.4001393228	0.565151363669	0.203834804545	0.283725343651	0.52642311005	0.461991330788	0.552301165481	0.280264518182	0.523348976455	0.465050118415	0.269778628616	0.464853244619	0.220856286364	0.32609406572	0.579297966137	0.382750764567	0.1704062	0.462221195699	0.275557278978	0.499573452605	0.614147118959	0.326398368182	0.231506581818	0.352846417305	0.426701882439	0.578250345723	0.508556269292	0.456298059091	0.68045434825	0.154742497805	0.261456583722
S110	0.525732617934	0.414721145455	0.0	0.349358215055	0.178071863636	0.423603604545	0.525774079665	0.492436412551	0.288015886364	0.690762795455	0.761811712888	0.333571262991	0.695357700893	0.41861731666	0.42045263706	0.652170893489	0.552170372727	0.41715051699	0.230515509091	0.292401768182	0.402236858293	0.482575203266	0.435339618182	0.475782897105	0.191484718182	0.612687577273	0.462942190909	0.643462431607	0.886080360676	0.23271285625	0.312255267227	0.910322813636	0.854735666621	0.779662449729	0.276062945591	0.779108645455	0.818493364108	0.216865272033	0.896855688884	0.730925594746	0.65795825	0.333803890975	0.30775365698	0.569416513636	0.780922704295	0.47308015	0.482456488755	0.452644234359	0.320360083184	0.614110623972	0.56392352006	0.504779929773	0.579676145492	0.874289554144	0.32396395748	0.52851889435	0.879680886912	0.56785156085	0.490706354545	0.667602839107	0.487345780531	0.498644297398	0.531883319009	0.607756301827	0.400214887057	0.667044999326	0.826312794159	0.840866968262	0.205745022727	0.671574678126	0.512230171567	0.606394716221	0.715945061431	0.653388174513	0.135215983348	0.761704327579	0.195886997238	0.504828297511	0.562269090363	0.39674795	0.620439740097	0.39584504083	0.183348435504	0.792918204682	0.341629886364	0.518103593846	0.369075467971	0.685822084498	0.673221183539	0.245707345455	0.729105901139	0.724128265268	0.493691472072	0.774756941749	0.40881685	0.233645733461	0.818277316923	0.351558471586	0.448891109091	0.747938636033	0.508434862756	0.69765886885	0.755995808136	0.538432659091	0.532963145455	0.286618178799	0.676255790471	0.802725012878	0.810759443648	0.525488431818	0.873077626685	0.454799460157	0.345841040288
S22	0.567480249817	0.478230658791	0.349358215055	0.0	0.412667839304	0.14116899034	0.339293649203	0.327218102366	0.394234171205	0.698754662011	0.760503460191	0.417034163594	0.704994260804	0.153001911436	0.412469330541	0.669586255104	0.526583957113	0.49623708723	0.363534079292	0.344010747971	0.463956799288	0.273457651283	0.491103717623	0.235108747379	0.438732563823	0.628158095082	0.535643765169	0.548322921088	0.8810680667	0.368390328238	0.400051981379	0.900731624902	0.855616522254	0.782975338167	0.356051411985	0.773747643819	0.812394908696	0.367435662762	0.889872189256	0.728333475445	0.603170553023	0.241008908272	0.2888963329	0.591174830017	0.776931536396	0.493925184044	0.540082865622	0.157496147912	0.420429884303	0.629702111416	0.600784239771	0.529757142946	0.61040046006	0.860643659947	0.444213231543	0.578796184863	0.874587157175	0.612817238652	0.54168297455	0.675129305456	0.519439250571	0.317182353324	0.492868522308	0.632162850525	0.445591033517	0.611830877498	0.819632185686	0.841095174212	0.479415690381	0.694946259648	0.541394920545	0.501497961248	0.713104540184	0.667732161799	0.396264696247	0.758459129006	0.441440725706	0.292615617277	0.610267778368	0.360879371744	0.625337911561	0.432255661755	0.428060845447	0.781950269904	0.431129510012	0.577466827849	0.221792850931	0.650843679184	0.574089114107	0.35162250263	0.674283594533	0.736787616197	0.516838915315	0.778135644027	0.481853250021	0.383979449195	0.814276350086	0.186563090502	0.515513617623	0.73863301453	0.571951249742	0.707908109344	0.757220186059	0.57517027808	0.552938837109	0.259322375749	0.55996411284	0.792199473306	0.81346460122	0.28037245994	0.863685588112	0.500262596811	0.389011284049
S9	0.554589781214	0.393830290909	0.178071863636	0.412667839304	0.0	0.485534604545	0.517492089128	0.555869206577	0.324913213636	0.668270459091	0.783370936024	0.311193840603	0.73878163848	0.486617955542	0.494573384107	0.623963669503	0.538761	0.377457520202	0.261591245455	0.257379486364	0.382083388372	0.520556258771	0.412190309091	0.438027296658	0.182136845455	0.567678468182	0.458481572727	0.626619238142	0.834958782591	0.210464327931	0.323336547025	0.862875431818	0.800560746095	0.752272229778	0.296037858898	0.745299727273	0.782979751937	0.143291696883	0.842424268756	0.717102837198	0.649647668182	0.424838112946	0.269847211177	0.553512186364	0.765463383763	0.502871513636	0.445033556228	0.497955193679	0.319455662805	0.579138806394	0.562579960162	0.483390338053	0.569461096115	0.829722110914	0.324276664364	0.492848472181	0.829285141064	0.521873684063	0.514852663636	0.645504672632	0.478599309447	0.521232072362	0.573775607177	0.573646303328	0.412092039103	0.65577248544	0.782780331638	0.800848378106	0.232580013636	0.662129032461	0.49058462177	0.664817485139	0.679736075384	0.645355159771	0.175325377145	0.812186081111	0.134760231159	0.576185321419	0.535918755852	0.420118368182	0.664240187164	0.361461187652	0.0789892466534	0.755507101621	0.310093795455	0.561880792588	0.35758700627	0.672170102424	0.713482308785	0.235055436364	0.713972943218	0.706633021212	0.497434223762	0.746739823021	0.409631368182	0.235565501038	0.785098234211	0.345140722134	0.413315709091	0.723403261502	0.473269681376	0.665077312376	0.807119270979	0.49458935	0.511702963636	0.302816278476	0.639503324973	0.764846469449	0.799664088193	0.474575713636	0.831938041194	0.429871550984	0.401854823332
S50	0.572543517119	0.504545695455	0.423603604545	0.14116899034	0.485534604545	0.0	0.374760858304	0.335183025683	0.422341827273	0.703282245455	0.76397824349	0.420411475998	0.711834693065	0.159425576037	0.439122557996	0.684727845611	0.575813204545	0.518357722313	0.410916159091	0.372144781818	0.456896898787	0.23882852899	0.505701768182	0.218820898226	0.47398105	0.646475318182	0.505974495455	0.565555917375	0.902450957743	0.395537563117	0.431151058268	0.911453890909	0.875154684135	0.769640180171	0.371814857039	0.772101422727	0.814164156958	0.42671256399	0.914655334602	0.721751163011	0.633927090909	0.299025226623	0.359120283913	0.607931654545	0.776577417505	0.513069318182	0.565901066727	0.168200249516	0.393988064776	0.648707221086	0.613223326979	0.555560654736	0.600163456098	0.877477443594	0.463049588288	0.54423508815	0.896352593404	0.64241398631	0.552280331818	0.674106520195	0.523551474662	0.294213161509	0.497925627225	0.654688785876	0.405483359455	0.637650770092	0.826064330086	0.791900600891	0.545726963636	0.637975820594	0.509592881955	0.544446555518	0.725594215829	0.688764774772	0.450798394478	0.726300453063	0.518432996091	0.254310767016	0.612858918649	0.387017818182	0.598048383122	0.418395961585	0.499638164015	0.790529742415	0.400228681818	0.541006882798	0.24723141582	0.661874657031	0.611848189532	0.379105422727	0.703554028132	0.742595438112	0.557947112185	0.768276456229	0.521607509091	0.388627069567	0.812983539849	0.181953676644	0.491110359091	0.725764541687	0.589007489361	0.708518627018	0.731714641947	0.5670729	0.556784513636	0.272891268968	0.551386070754	0.801268525997	0.813558457714	0.288096490909	0.876711957213	0.506726729602	0.346952954769
S24	0.406139198768	0.346306933423	0.525774079665	0.339293649203	0.517492089128	0.374760858304	0.0	0.210813418912	0.400881516473	0.482215458014	0.587529473833	0.397078457838	0.548655871741	0.357408215428	0.39380617357	0.46466698737	0.294806719341	0.339493509784	0.501618579002	0.370717721713	0.366008397317	0.329377459661	0.322281469517	0.421052309772	0.582435773266	0.433087050331	0.375615535038	0.329630286156	0.686062021306	0.478878184505	0.44748119513	0.701708405332	0.655345882144	0.545578598228	0.459103602284	0.560171972872	0.601106809666	0.473722229815	0.697980842739	0.490819727017	0.323535789056	0.284441088465	0.389274323178	0.425478474394	0.569405168334	0.314519504649	0.334369660639	0.294866909585	0.448128802152	0.432883307803	0.417769238595	0.348900111906	0.413619976674	0.664994305375	0.427280773342	0.36375521991	0.679943794989	0.410902217183	0.383319802257	0.462615189114	0.306656218252	0.275948945344	0.270633386632	0.426737435121	0.401221984043	0.327557060884	0.609044322746	0.624497520915	0.637655932481	0.468175803746	0.328495459892	0.30415627623	0.502886948871	0.536473456423	0.550995903744	0.605235404625	0.557135587839	0.302912327855	0.393818671953	0.299375589884	0.465869097444	0.350269925066	0.521335559541	0.582726853665	0.39867055321	0.432050056521	0.43392110344	0.417521329142	0.362484400092	0.471122971505	0.394363548975	0.529593896714	0.312334627341	0.54215490313	0.403712765904	0.519254272213	0.602241901973	0.333046727467	0.341361965707	0.504950186637	0.360044297715	0.502778299483	0.607079341645	0.363437243974	0.357159314806	0.354208660613	0.348978189211	0.592704482354	0.599126331271	0.390495108459	0.66521474508	0.330939580866	0.372737073723
S26	0.401985038164	0.362260055062	0.492436412551	0.327218102366	0.555869206577	0.335183025683	0.210813418912	0.0	0.401060502822	0.526693519441	0.592810270201	0.369603573892	0.532689408822	0.345311832651	0.36174618053	0.517996632998	0.399841866729	0.374713676429	0.485016996407	0.418894297538	0.31024771116	0.30157622101	0.382021002869	0.459030076594	0.573258681099	0.499573877847	0.386785488991	0.427604050859	0.763057044111	0.492938478454	0.459991799271	0.760002417291	0.732457085039	0.599987598909	0.457782682831	0.593073559759	0.634194424739	0.504402824011	0.775162251999	0.556608086055	0.459128314914	0.278952572424	0.429263594039	0.492167886947	0.615690946897	0.345240871142	0.38703005457	0.293835520691	0.437154107107	0.480138507585	0.425401503848	0.403584825486	0.441289393694	0.731852759013	0.439679961792	0.412286791773	0.748632767613	0.480580381992	0.351131519666	0.510950374406	0.368817376544	0.262127965593	0.357001168713	0.46617799909	0.397106289897	0.465279622556	0.666402201	0.699430227376	0.603906812342	0.520855547976	0.378822801968	0.383123299697	0.565643916094	0.576641819009	0.511651333148	0.509691000455	0.601565470668	0.259849004093	0.441057102858	0.274116858859	0.459755961801	0.390235227451	0.565296780355	0.627882754255	0.422916560964	0.399910159314	0.447274130935	0.468861852234	0.462914715314	0.481237596503	0.520005837224	0.579936373584	0.376094753784	0.598484610663	0.41105947072	0.497958408367	0.647605438208	0.337685884493	0.372703733672	0.555425701378	0.414442901319	0.568200263498	0.510409640746	0.445011464192	0.370583514436	0.376800422129	0.398941433241	0.636919763529	0.644882382901	0.427853619875	0.731186516172	0.394828419928	0.332742382802
S27	0.388838312776	0.22780425	0.288015886364	0.394234171205	0.324913213636	0.422341827273	0.400881516473	0.401060502822	0.0	0.526212627273	0.616020389681	0.199792514812	0.513275267012	0.433278155598	0.324899742303	0.490378236332	0.416300104545	0.275212183896	0.307930222727	0.233203163636	0.242388728622	0.362378489063	0.200097568182	0.459606444474	0.308385813636	0.478822345455	0.307907759091	0.483853580697	0.773796604674	0.243460381973	0.155020702432	0.799462854545	0.735721936895	0.636546892478	0.151687738046	0.656424040909	0.691603114881	0.270326035584	0.779925462543	0.585139015972	0.536550927273	0.274810666916	0.335211895504	0.333045045455	0.642899210148	0.323491572727	0.341004864507	0.357560253688	0.225592142486	0.486462871747	0.358903187861	0.377121206715	0.429510879318	0.762093798089	0.0933891692751	0.369823772533	0.766126160147	0.453479188625	0.341060013636	0.445349512304	0.279396087547	0.337334768839	0.419406859686	0.464151711222	0.201044144364	0.542576705567	0.691931719259	0.683945314174	0.374204818182	0.527742395839	0.364583025031	0.520209377351	0.58988479116	0.439117820565	0.27365588552	0.639433296968	0.348848649582	0.360308237498	0.431659884527	0.2768137	0.434709779398	0.257788960839	0.332667073242	0.663954556891	0.210483309091	0.389557502759	0.423901128228	0.555153687745	0.564795054938	0.246837895455	0.601617325233	0.582857780769	0.372478569243	0.629749956601	0.221950545455	0.270775316051	0.695789635047	0.321452920979	0.294537822727	0.609324919857	0.364329900932	0.571261329753	0.6323781442	0.385544263636	0.376246577273	0.253052402246	0.549803290888	0.676899730706	0.674770650079	0.456450072727	0.770585592129	0.231763673483	0.220314880137
S62	0.421870119121	0.408237268182	0.690762795455	0.698754662011	0.668270459091	0.703282245455	0.482215458014	0.526693519441	0.526212627273	0.0	0.411496870614	0.478546352782	0.349415174412	0.725297312805	0.603827953185	0.227163590753	0.272250395455	0.396680723472	0.609205777273	0.485529036364	0.486281318263	0.615316950368	0.374084386364	0.695917883593	0.720195040909	0.277825763636	0.500942531818	0.291334785702	0.425871177963	0.593845245961	0.557851107703	0.382963427273	0.390132476136	0.237310144001	0.60392180745	0.290242604545	0.319192694305	0.557628356949	0.43680012279	0.262315508048	0.301239	0.59237745675	0.604328528324	0.303137954545	0.374546339937	0.434358163636	0.374704678968	0.682102395082	0.550532881713	0.222428933836	0.301057101493	0.494789461641	0.371637539756	0.340839414632	0.512087696286	0.40131057623	0.416649154349	0.312432266656	0.445056922727	0.295543876474	0.303633165219	0.53981674285	0.411319988253	0.330801007977	0.496244161222	0.288603217692	0.280460814467	0.333671673035	0.770596754545	0.290166295773	0.416300785634	0.496000971345	0.221226461632	0.347366357396	0.654609176338	0.458802288079	0.666322136415	0.604950577533	0.23580829567	0.500944009091	0.349223780555	0.438135085651	0.668324942414	0.281556494288	0.518976772727	0.505053267106	0.760744024886	0.225881235061	0.41607670505	0.588554295455	0.29998293041	0.244142046037	0.335337355484	0.232300386513	0.502006481818	0.650281633381	0.290501912593	0.628318871572	0.416910713636	0.191240132108	0.300945920772	0.236413041037	0.460661676657	0.340804963636	0.445106422727	0.581100757635	0.303572471813	0.293376590746	0.445229045581	0.538329227273	0.355853659455	0.399363745279	0.518464193517
S11	0.354548289354	0.485307985764	0.761811712888	0.760503460191	0.783370936024	0.76397824349	0.587529473833	0.592810270201	0.616020389681	0.411496870614	0.0	0.540813973259	0.267808915673	0.758970242912	0.697442914087	0.470777543723	0.445243562015	0.490952523916	0.584268057697	0.6258176129	0.522794973943	0.624677746004	0.50496866108	0.794306014559	0.747603945827	0.457007402411	0.464451389552	0.473204713376	0.599882937544	0.61450274267	0.67360523084	0.622861160398	0.558475536992	0.256886171241	0.694257366404	0.383728709091	0.449346464761	0.689333557575	0.602343668583	0.495023203108	0.461238100079	0.643207356688	0.743725525751	0.501154495943	0.164070220047	0.379092025747	0.425589648419	0.710690540884	0.561112164456	0.46336605012	0.391944963603	0.579291177851	0.356590896953	0.585587744726	0.607915923261	0.451837051865	0.58937797622	0.57657349129	0.358862494706	0.32662282231	0.461170111797	0.583694554927	0.483233674867	0.319409743607	0.588122380914	0.450097270641	0.324654060016	0.477938294868	0.831815701683	0.438901204553	0.504091205803	0.558963062032	0.478512742357	0.427981065368	0.723627320291	0.386878615251	0.801611133634	0.596708082446	0.506813193813	0.548924505224	0.299985778094	0.602690584736	0.787598444766	0.434489840764	0.573521274551	0.38854322111	0.799252047316	0.386479272066	0.480892702457	0.643142634279	0.427102229024	0.465706579134	0.413004220441	0.248664676979	0.635084864592	0.643641950525	0.3125967406	0.726161793488	0.50181081101	0.392216979072	0.535884604159	0.530018687028	0.378894728183	0.581097241066	0.362884490793	0.663233835305	0.440741947225	0.447426203231	0.215466097939	0.759853565345	0.595007183803	0.525058957812	0.557862360069
S85	0.34217739504	0.236189416692	0.333571262991	0.417034163594	0.311193840603	0.420411475998	0.397078457838	0.369603573892	0.199792514812	0.478546352782	0.540813973259	0.0	0.527583480544	0.451138029233	0.332514209046	0.428444181795	0.398278863769	0.220466033698	0.286332600232	0.225816550282	0.160054994144	0.334810501867	0.259505631429	0.42942302803	0.316984212668	0.399265335345	0.257864173058	0.484402312054	0.754713045175	0.209480645967	0.231267666575	0.774759892656	0.716332617347	0.537476512796	0.254742705246	0.558188140487	0.60096055655	0.234444017151	0.763118121463	0.570995419704	0.517382316584	0.299238410842	0.344630614754	0.420513435991	0.532998045795	0.288579353626	0.288974060042	0.380440992192	0.169895046769	0.398143240719	0.354064869885	0.348919439891	0.313864112916	0.729773258245	0.190430364748	0.280983930067	0.747828785856	0.431511211268	0.277452287846	0.444232140442	0.30881136629	0.302533453787	0.389714840464	0.409704165443	0.243023468358	0.522548571469	0.59006156149	0.640102901952	0.404098804016	0.483615356198	0.281138456537	0.523272997952	0.55895624933	0.493680333485	0.307497826232	0.56950646296	0.353007382976	0.346663010521	0.382363694955	0.203588824632	0.426755291948	0.192690844877	0.322636405669	0.577004278471	0.14954208648	0.336295425109	0.458307621559	0.496540857246	0.55554800157	0.219891039642	0.584273774579	0.551636462532	0.298157035114	0.52822500203	0.317032273183	0.257044944659	0.590712900729	0.307454765778	0.238512403974	0.518707647414	0.327115743545	0.553316621478	0.564783564723	0.37897116232	0.294434407932	0.222931143886	0.42820560638	0.592984786266	0.606695426162	0.428883934815	0.747259457662	0.280103719619	0.181300919854
S61	0.314928387424	0.412057399227	0.695357700893	0.704994260804	0.73878163848	0.711834693065	0.548655871741	0.532689408822	0.513275267012	0.349415174412	0.267808915673	0.527583480544	0.0	0.708847198727	0.632008428147	0.425140492874	0.40085861676	0.433276015545	0.62754934581	0.56560485764	0.503010800445	0.597146948613	0.393746645219	0.740471920504	0.714128825011	0.491041545167	0.47339283139	0.454168427089	0.616094665757	0.592613868163	0.57054447878	0.643251165019	0.579806912233	0.356402373806	0.585602021283	0.453049662764	0.485062360164	0.674768240109	0.626793397069	0.409281603208	0.435568951819	0.597027454584	0.709379309417	0.387124682163	0.281515465359	0.419634227812	0.359681946339	0.667188294679	0.554751147346	0.467814590895	0.362744220274	0.540600126355	0.380868896089	0.593402041208	0.516456771384	0.468492209204	0.611075253483	0.525604533879	0.302699881587	0.235380086477	0.349408791057	0.537124351723	0.4265704593	0.241395566166	0.481446128796	0.426510168258	0.430250563893	0.507979390632	0.761671437209	0.398988240109	0.496486229758	0.497086517693	0.469314407712	0.370563424284	0.635836284936	0.401466011824	0.765424347431	0.577662614825	0.45915993774	0.540098501585	0.264296939518	0.563506408496	0.747562824011	0.471788429524	0.556340942178	0.39454390485	0.764904225076	0.366279337247	0.44174960167	0.632441037674	0.427151374967	0.420282443673	0.420596478377	0.336620977996	0.53513394131	0.634422578445	0.436515334038	0.672297930878	0.472983136302	0.362992357431	0.515246653024	0.508070004274	0.397404106412	0.529662018494	0.361361460949	0.627498190186	0.475415510133	0.481659076853	0.259122232833	0.740729601259	0.615434672229	0.440196481855	0.526365035411
S63	0.594459076181	0.508843101575	0.41861731666	0.153001911436	0.486617955542	0.159425576037	0.357408215428	0.345311832651	0.433278155598	0.725297312805	0.758970242912	0.451138029233	0.708847198727	0.0	0.442387935886	0.686207354876	0.556615453752	0.5264508596	0.38607793476	0.383349250682	0.487538868874	0.275466552979	0.52830810814	0.250411930729	0.490236341982	0.661416789675	0.550235789396	0.575418187159	0.922113287858	0.406066822235	0.467292839456	0.948629492676	0.889720159163	0.785629627103	0.403508496791	0.800443502046	0.830080554798	0.435078804002	0.92858383772	0.749718890937	0.619732833116	0.281604249715	0.349987006184	0.63151248452	0.781746682456	0.518977667235	0.563079658936	0.151462496589	0.440738312954	0.675932993441	0.634532206545	0.546061801719	0.627784629496	0.906492392768	0.483731070296	0.601118957254	0.914039640524	0.672264820373	0.561269683216	0.693339154037	0.550928564171	0.328319848862	0.509953638017	0.65198420191	0.458147060475	0.622827417008	0.831912496589	0.845318985903	0.520350262779	0.712161841746	0.568948150176	0.534120175468	0.76926945393	0.707939090496	0.429566214505	0.76872372442	0.525498167349	0.275933342428	0.641063015241	0.391466840508	0.631713396999	0.492456910697	0.496484447476	0.809425832559	0.446949451199	0.58273338299	0.266277129155	0.675693206456	0.619276623225	0.40066696319	0.679564112866	0.772058377304	0.551104303305	0.778514321807	0.542942771564	0.41824943156	0.837012432756	0.229640100045	0.53762409895	0.754620838778	0.603085075034	0.768060810326	0.763332041837	0.610085113843	0.572810213816	0.309889862991	0.580572232682	0.818140500227	0.799433351523	0.32075153649	0.912900882294	0.504778688058	0.406528500511
S54	0.451548629635	0.361914919774	0.42045263706	0.412469330541	0.494573384107	0.439122557996	0.39380617357	0.36174618053	0.324899742303	0.603827953185	0.697442914087	0.332514209046	0.632008428147	0.442387935886	0.0	0.545924724014	0.493075121666	0.376397948643	0.434121459025	0.354214355508	0.355344693517	0.359692398859	0.389926057631	0.443727583362	0.497325589814	0.571459745488	0.409093235601	0.581436248057	0.860075566498	0.411675397901	0.374083655096	0.858097219144	0.829898213948	0.708136093513	0.379774242231	0.722569905109	0.742823782239	0.43126921659	0.872777299345	0.620461154775	0.588508016357	0.276790265296	0.39678377832	0.533801119111	0.705618151747	0.417309520471	0.431916283426	0.40859445119	0.351663458299	0.547747240664	0.505346428073	0.397686368713	0.490313372778	0.812921205983	0.36330707995	0.474823020305	0.850541596674	0.535311575397	0.438117741042	0.544498223008	0.413252467694	0.291155584976	0.485537274379	0.547412639006	0.377839488461	0.591286396886	0.76324425119	0.788653109277	0.548513357067	0.597022305959	0.430479199393	0.531271184388	0.6520801192	0.64036338575	0.442729655352	0.67031772782	0.533227751964	0.387550289676	0.465238687418	0.226885560219	0.585928966269	0.352694646423	0.500294727074	0.730949243747	0.350059581088	0.466641204753	0.477920897	0.580497891115	0.59234846678	0.379772809688	0.631379931912	0.647702244751	0.415179997986	0.697188880054	0.411325173557	0.416937575142	0.77290347882	0.361095426579	0.405965423424	0.612740758229	0.458765102962	0.648759273574	0.70079446916	0.513920565959	0.454546522661	0.367008949792	0.526368389146	0.739048031458	0.735547351948	0.48180007276	0.82562831216	0.421673538778	0.299677995892
S101	0.419861623991	0.375635399085	0.652170893489	0.669586255104	0.623963669503	0.684727845611	0.46466698737	0.517996632998	0.490378236332	0.227163590753	0.470777543723	0.428444181795	0.425140492874	0.686207354876	0.545924724014	0.0	0.267805397358	0.353407429299	0.535568345267	0.456283143301	0.407601946099	0.584374362907	0.359763444914	0.59993693267	0.653697206241	0.200860710204	0.443212555773	0.291015412241	0.497059977789	0.535720593962	0.508912741412	0.515716548357	0.457706066621	0.302801368554	0.557336027489	0.347442742459	0.351078475854	0.516154169563	0.498065493873	0.330365671079	0.403812753932	0.553624360103	0.546832650763	0.327671780851	0.437412381302	0.373438768099	0.320566511699	0.640150578461	0.499724733078	0.172274088008	0.29523570158	0.456574428103	0.325726040762	0.4658086202	0.461352443224	0.322081375957	0.483479591166	0.285738415598	0.369081886312	0.318643256952	0.31874197584	0.506033132359	0.377934506854	0.294534284604	0.437206340348	0.398709512984	0.333801967206	0.395294796026	0.717720694331	0.299579347149	0.392498347336	0.486320942988	0.314290873996	0.409487090088	0.610164226747	0.469987248793	0.59426855249	0.536182082107	0.269469115778	0.450159841408	0.33822565022	0.407190314164	0.619844621518	0.314805362903	0.448387329488	0.42668253124	0.708250592148	0.332070416403	0.499678418219	0.559337302538	0.438740720944	0.315142530498	0.279285933902	0.294979168853	0.468083948398	0.601426508592	0.355386540302	0.583645076549	0.341561901747	0.26988319972	0.248911967046	0.30572353597	0.48671833845	0.25703580207	0.374646668733	0.543054547092	0.261437752046	0.324764472068	0.511752625198	0.475221916778	0.488368860379	0.326635041998	0.494035616753
S19	0.303947936446	0.311901136364	0.552170372727	0.526583957113	0.538761	0.575813204545	0.294806719341	0.399841866729	0.416300104545	0.272250395455	0.445243562015	0.398278863769	0.40085861676	0.556615453752	0.493075121666	0.267805397358	0.0	0.254269239311	0.519660972727	0.341913540909	0.357526692476	0.518933555174	0.270337318182	0.621012051758	0.587332454545	0.265082813636	0.366256009091	0.219290123865	0.517749834152	0.446444256556	0.498992976411	0.538178259091	0.480795328947	0.332685267142	0.522049188691	0.370700136364	0.420860464794	0.454693508504	0.527016915116	0.336911602752	0.239497131818	0.436319403863	0.484001326014	0.297064640909	0.417924394161	0.298192413636	0.2240422958	0.515261671818	0.431210978169	0.211679962674	0.298594795798	0.37349250096	0.278652988678	0.498783809894	0.434380682716	0.297322065464	0.512238165417	0.24717987064	0.295942945455	0.322818902499	0.197784510883	0.45632256197	0.228305418174	0.200673412683	0.428678934369	0.232257086949	0.416005176221	0.42357465622	0.651983813636	0.263778008847	0.315264297464	0.324498365303	0.33781197839	0.440460961445	0.543452056911	0.517199578647	0.531010196602	0.483950365509	0.209637951113	0.372544413636	0.343613617314	0.333447433397	0.539030491558	0.407591192249	0.394530722727	0.378645244603	0.649905041095	0.242381621697	0.350345917115	0.474485709091	0.272258965707	0.330663104662	0.228995837922	0.327168988667	0.430887959091	0.515176846273	0.409536306789	0.487217970028	0.285244890909	0.294795399528	0.247335456104	0.334218755092	0.511870508665	0.30491245	0.312479890909	0.433993745653	0.271136507031	0.419766018335	0.458053505523	0.503929522727	0.503050770171	0.345334565355	0.383084729806
S99	0.248152571368	0.137144430022	0.41715051699	0.49623708723	0.377457520202	0.518357722313	0.339493509784	0.374713676429	0.275212183896	0.396680723472	0.490952523916	0.220466033698	0.433276015545	0.5264508596	0.376397948643	0.353407429299	0.254269239311	0.0	0.376698235966	0.236746486877	0.198564642684	0.404197193104	0.183447739974	0.4983779521	0.40693878927	0.309917525758	0.192037166749	0.402449333228	0.632724409885	0.253371101309	0.328463263879	0.65396465149	0.595646859135	0.408699424285	0.346438266064	0.485695153916	0.540625970765	0.274932988933	0.642779840956	0.474676439932	0.436715369391	0.367398848038	0.318781238616	0.368326411964	0.451966483728	0.251464104496	0.114714719265	0.47379822072	0.229449998883	0.320267288799	0.344388546746	0.290598843352	0.292887268542	0.61238977101	0.257658297634	0.247107249441	0.627390757586	0.317233302215	0.217634517453	0.339666133304	0.218294463113	0.344254005408	0.374837970085	0.25780818178	0.293715027254	0.428643082853	0.51766539492	0.526001798004	0.486026127778	0.364372032512	0.274647541652	0.496765141365	0.448050452813	0.495485250691	0.377287643772	0.609560632522	0.361777736894	0.398679878428	0.246102774741	0.246000826602	0.428503004874	0.187995899443	0.372328657754	0.502791279964	0.20399090746	0.295952376382	0.544153795655	0.411887913458	0.540538934439	0.297240767611	0.476702769739	0.422214061517	0.244382002353	0.395060851308	0.296100507526	0.329970946152	0.520329089253	0.393771982763	0.122209592283	0.402613660154	0.229937284639	0.445352166638	0.606377061139	0.282084607145	0.223503931363	0.359334567876	0.363449528546	0.515591516244	0.493044882814	0.419040720558	0.624883370157	0.236388473628	0.262954330601
S30	0.457287566143	0.358001590909	0.230515509091	0.363534079292	0.261591245455	0.410916159091	0.501618579002	0.485016996407	0.307930222727	0.609205777273	0.584268057697	0.286332600232	0.62754934581	0.38607793476	0.434121459025	0.535568345267	0.519660972727	0.376698235966	0.0	0.26949715	0.337938201409	0.397251610968	0.390537681818	0.421731151096	0.246071381818	0.504621095455	0.385893118182	0.615228752163	0.841156099231	0.197430630844	0.321240317223	0.868123577273	0.808950971896	0.63484557639	0.29713239071	0.671652081818	0.720191800488	0.206990594514	0.84727482326	0.692639568224	0.625232622727	0.366826728935	0.32197288354	0.548740040909	0.651499417379	0.350803222727	0.423349048361	0.423747688391	0.270417686229	0.52227973974	0.488230960328	0.468863398179	0.458302571612	0.831109900209	0.315978332598	0.436889473273	0.833631941686	0.56687460862	0.426944636364	0.567664512865	0.448446554868	0.399529308047	0.497892977481	0.529155204891	0.325606551686	0.631552083042	0.713231288557	0.746233956336	0.313727422727	0.587655197602	0.429771081934	0.598693078431	0.673400855797	0.559769889929	0.21634783815	0.686837025334	0.289815864753	0.427991902604	0.524877222574	0.343741831818	0.523844059949	0.375108073473	0.265318019666	0.702482186368	0.286920259091	0.426022682149	0.356880674332	0.619042440971	0.667630172206	0.193113772727	0.691217377097	0.66196543683	0.392695890805	0.631890599256	0.41378565	0.184396676783	0.706579075758	0.330106001732	0.386503281818	0.653500571073	0.473471189007	0.666730488869	0.6814914862	0.490416631818	0.416807581818	0.248795506535	0.573448474746	0.713893155591	0.686217848001	0.477825086364	0.837754648962	0.350559315697	0.291252825683
S47	0.40022621678	0.241153577273	0.292401768182	0.344010747971	0.257379486364	0.372144781818	0.370717721713	0.418894297538	0.233203163636	0.485529036364	0.6258176129	0.225816550282	0.56560485764	0.383349250682	0.354214355508	0.456283143301	0.341913540909	0.236746486877	0.26949715	0.0	0.249723337854	0.373663016617	0.248275013636	0.372578743548	0.306415331818	0.428732336364	0.332933931818	0.479604246484	0.712012432207	0.197221810872	0.254928106956	0.737627709091	0.675724730809	0.568434212024	0.238313194428	0.594830959091	0.636631775958	0.193720931033	0.722361650054	0.534620592786	0.480900863636	0.283766423894	0.235814906731	0.377721572727	0.604083848635	0.346605818182	0.277903415112	0.366644683784	0.234573726882	0.431823110147	0.416992210816	0.355946539104	0.415208038976	0.701542206695	0.238781623509	0.347276268918	0.707876832729	0.389843085772	0.360654704545	0.476878153708	0.285204823923	0.361641766198	0.432039012132	0.400281284838	0.258551335269	0.483463549475	0.640104578166	0.627395109143	0.367723418182	0.474597756925	0.336044808241	0.536066389452	0.529691345457	0.517412481444	0.264639973641	0.679244745018	0.274954365656	0.427191767562	0.363877636848	0.276593836364	0.489440298787	0.221944840901	0.259671685032	0.610157849562	0.209070827273	0.427088786943	0.385373683932	0.488093969878	0.583512081649	0.199816286364	0.527861556813	0.523536268415	0.32624112172	0.561111221379	0.325064881818	0.252133244473	0.632491028887	0.248701053001	0.264275322727	0.525335973732	0.326307693793	0.520727495992	0.671964234485	0.351178327273	0.353328922727	0.207516934531	0.490902366726	0.624238484834	0.644137540806	0.3630532	0.707231226202	0.275856405105	0.26291778537
S87	0.289276605754	0.197656668503	0.402236858293	0.463956799288	0.382083388372	0.456896898787	0.366008397317	0.31024771116	0.242388728622	0.486281318263	0.522794973943	0.160054994144	0.503010800445	0.487538868874	0.355344693517	0.407601946099	0.357526692476	0.198564642684	0.337938201409	0.249723337854	0.0	0.32561585974	0.223695560192	0.475001568273	0.36251570524	0.399534096433	0.201595411106	0.455829637271	0.726318838006	0.243119394314	0.293261424989	0.744144877447	0.682076470812	0.510835088639	0.309154133124	0.544562908274	0.593045147614	0.322702943323	0.728236380817	0.54644941649	0.490878862888	0.340242298126	0.380522655736	0.420468447169	0.52775472966	0.244485861197	0.240529489129	0.41627663364	0.198142344193	0.396539776058	0.350870373793	0.335418552704	0.294065472117	0.705543970036	0.216553589304	0.235554503657	0.714444675841	0.40557053188	0.206163002898	0.391967282029	0.265886239192	0.277079835824	0.372267110532	0.356511408425	0.216022880282	0.495679946313	0.59257341624	0.587146291406	0.471707772099	0.412374030131	0.260531624683	0.50438500228	0.521097678979	0.49692659008	0.368783964446	0.521403125821	0.400139798839	0.308034857213	0.350677693594	0.188629625264	0.40534618629	0.198589563971	0.394841347864	0.572193606998	0.157876217189	0.266088069428	0.471190467508	0.476533794377	0.546393462877	0.256524969394	0.542547543025	0.503112657279	0.287560328317	0.506383637608	0.296053631565	0.286798423814	0.591182005344	0.33042414543	0.166700476131	0.48317279348	0.295754398629	0.514265020045	0.520594322696	0.328400976315	0.215917491606	0.296262095015	0.430938094825	0.584819966811	0.562338654674	0.456316711539	0.714928518979	0.245687205108	0.196463072219
S38	0.424255622055	0.380918228856	0.482575203266	0.273457651283	0.520556258771	0.23882852899	0.329377459661	0.30157622101	0.362378489063	0.615316950368	0.624677746004	0.334810501867	0.597146948613	0.275466552979	0.359692398859	0.584374362907	0.518933555174	0.404197193104	0.397251610968	0.373663016617	0.32561585974	0.0	0.412208033288	0.325780643255	0.501349189036	0.575853598584	0.376177764438	0.54590505445	0.85879739427	0.374732370644	0.413885712572	0.858587458777	0.823070859482	0.646924456571	0.400937272015	0.697281580694	0.757557085039	0.469458644839	0.86439682057	0.673732583545	0.605028003272	0.269690587081	0.395557737254	0.565307628792	0.667533727767	0.384174551712	0.445223365166	0.193363756253	0.287666378972	0.568439481505	0.527259438114	0.475078000327	0.473077027211	0.819597257144	0.404121743628	0.446950121713	0.849919872174	0.599026061846	0.422616983009	0.527173821417	0.430539393621	0.112994897432	0.500492150978	0.529878340155	0.340484777166	0.607169777171	0.74057431105	0.724518226467	0.571803772618	0.548948585721	0.420651630734	0.535149395783	0.658410913996	0.633988699409	0.461904854986	0.64791888131	0.559007048658	0.140173456116	0.528056150254	0.270844497579	0.513126498408	0.376777202402	0.53269416553	0.732886298061	0.288321964932	0.408295371329	0.266003909993	0.613124479361	0.596937878825	0.351369318128	0.64469616549	0.663689798205	0.437810010943	0.642225707514	0.48085059925	0.369574756708	0.738528617398	0.250570381992	0.375548633871	0.611022176817	0.510609881764	0.646733792519	0.656515529786	0.500487202946	0.412965324536	0.358810668204	0.462580861358	0.744999995452	0.685607189632	0.315017890134	0.822131805283	0.418877029029	0.273793934787
S91	0.261663877715	0.115279781818	0.435339618182	0.491103717623	0.412190309091	0.505701768182	0.322281469517	0.382021002869	0.200097568182	0.374084386364	0.50496866108	0.259505631429	0.393746645219	0.52830810814	0.389926057631	0.359763444914	0.270337318182	0.183447739974	0.390537681818	0.248275013636	0.223695560192	0.412208033288	0.0	0.506862098114	0.436930490909	0.350777731818	0.235084681818	0.409333978551	0.662454708446	0.294018589722	0.259808455505	0.680911231818	0.623331993762	0.469935154318	0.278740310589	0.520486345455	0.574387980413	0.346481954467	0.670268007722	0.465617106339	0.429730795455	0.367114572893	0.390134120732	0.23516545	0.488797085869	0.226703168182	0.175717168043	0.464659021361	0.280941414636	0.348851213976	0.236241267822	0.271574402583	0.295720528964	0.642660290524	0.186934362842	0.239413125395	0.655176905488	0.337008478928	0.227418690909	0.274974038834	0.105799526288	0.357740567192	0.34394249279	0.305961713576	0.241809637026	0.432447641337	0.562300176655	0.549438064256	0.509377995455	0.366124760197	0.242781853708	0.466314736078	0.470383424276	0.354430110521	0.380561667532	0.582777212919	0.437464815685	0.416919580231	0.285503495566	0.273777822727	0.34715629	0.243689098359	0.416443895775	0.544335851716	0.242163177273	0.294563619522	0.536732078096	0.427151990322	0.510633924915	0.318914690909	0.486646114475	0.436362432634	0.246277537562	0.463317131599	0.209914404545	0.361147544562	0.561103438483	0.38336890406	0.205032336364	0.429285710828	0.250624467403	0.458795822001	0.578374292199	0.283114140909	0.237001190909	0.356509436926	0.407760555323	0.559475396469	0.526728456067	0.477302768182	0.650664128605	0.121658692711	0.280360651035
